-1.0000000000	-123955.407663
-0.9972222222	-130105.778966
-0.9944444444	-132206.315569
-0.9916666667	-133613.290094
-0.9888888889	-134651.541608
-0.9861111111	-135448.743119
-0.9833333333	-136071.394240
-0.9805555556	-136559.657606
-0.9777777778	-136940.164427
-0.9750000000	-137231.756284
-0.9722222222	-137448.415946
-0.9694444444	-137600.908071
-0.9666666667	-137697.763856
-0.9638888889	-137745.905051
-0.9611111111	-137751.057193
-0.9583333333	-137718.033363
-0.9555555556	-137650.935065
-0.9527777778	-137553.298185
-0.9500000000	-137428.201460
-0.9472222222	-137278.348692
-0.9444444444	-137106.132146
-0.9416666667	-136913.682214
-0.9388888889	-136702.906856
-0.9361111111	-136475.523322
-0.9333333333	-136233.083955
-0.9305555556	-135976.997408
-0.9277777778	-135708.546244
-0.9250000000	-135428.901680
-0.9222222222	-135139.136031
-0.9194444444	-134840.233296
-0.9166666667	-134533.098221
-0.9138888889	-134218.564123
-0.9111111111	-133897.399671
-0.9083333333	-133570.314808
-0.9055555556	-133237.965945
-0.9027777778	-132900.960543
-0.9000000000	-132559.861172
-0.8972222222	-132215.189125
-0.8944444444	-131867.427652
-0.8916666667	-131517.024854
-0.8888888889	-131164.396301
-0.8861111111	-130809.927394
-0.8833333333	-130453.975505
-0.8805555556	-130096.871932
-0.8777777778	-129738.923674
-0.8750000000	-129380.415069
-0.8722222222	-129021.609283
-0.8694444444	-128662.749690
-0.8666666667	-128304.061140
-0.8638888889	-127945.751134
-0.8611111111	-127588.010910
-0.8583333333	-127231.016450
-0.8555555556	-126874.929421
-0.8527777778	-126519.898045
-0.8500000000	-126166.057915
-0.8472222222	-125813.532755
-0.8444444444	-125462.435132
-0.8416666667	-125112.867121
-0.8388888889	-124764.920932
-0.8361111111	-124418.679496
-0.8333333333	-124074.217014
-0.8305555556	-123731.599478
-0.8277777778	-123390.885159
-0.8250000000	-123052.125064
-0.8222222222	-122715.363373
-0.8194444444	-122380.637846
-0.8166666667	-122047.980210
-0.8138888889	-121717.416522
-0.8111111111	-121388.967518
-0.8083333333	-121062.648931
-0.8055555556	-120738.471810
-0.8027777778	-120416.442800
-0.8000000000	-120096.564428
-0.7972222222	-119778.835357
-0.7944444444	-119463.250639
-0.7916666667	-119149.801943
-0.7888888889	-118838.477784
-0.7861111111	-118529.263727
-0.7833333333	-118222.142589
-0.7805555556	-117917.094628
-0.7777777778	-117614.097720
-0.7750000000	-117313.127529
-0.7722222222	-117014.157666
-0.7694444444	-116717.159842
-0.7666666667	-116422.104013
-0.7638888889	-116128.958511
-0.7611111111	-115837.690178
-0.7583333333	-115548.264484
-0.7555555556	-115260.645643
-0.7527777778	-114974.796724
-0.7500000000	-114690.679750
-0.7472222222	-114408.255796
-0.7444444444	-114127.485085
-0.7416666667	-113848.327068
-0.7388888889	-113570.740509
-0.7361111111	-113294.683561
-0.7333333333	-113020.113842
-0.7305555556	-112746.988495
-0.7277777778	-112475.264261
-0.7250000000	-112204.897533
-0.7222222222	-111935.844417
-0.7194444444	-111668.060782
-0.7166666667	-111401.502309
-0.7138888889	-111136.124542
-0.7111111111	-110871.882929
-0.7083333333	-110608.732861
-0.7055555556	-110346.629712
-0.7027777778	-110085.528876
-0.7000000000	-109825.385796
-0.6972222222	-109566.155998
-0.6944444444	-109307.795117
-0.6916666667	-109050.258928
-0.6888888889	-108793.503361
-0.6861111111	-108537.484535
-0.6833333333	-108282.158770
-0.6805555556	-108027.482608
-0.6777777778	-107773.412834
-0.6750000000	-107519.906487
-0.6722222222	-107266.920877
-0.6694444444	-107014.413598
-0.6666666667	-106762.342539
-0.6638888889	-106510.665894
-0.6611111111	-106259.342174
-0.6583333333	-106008.330213
-0.6555555556	-105757.589176
-0.6527777778	-105507.078567
-0.6500000000	-105256.758231
-0.6472222222	-105006.588363
-0.6444444444	-104756.529511
-0.6416666667	-104506.542576
-0.6388888889	-104256.588819
-0.6361111111	-104006.629863
-0.6333333333	-103756.627689
-0.6305555556	-103506.544645
-0.6277777778	-103256.343441
-0.6250000000	-103005.987150
-0.6222222222	-102755.439210
-0.6194444444	-102504.663421
-0.6166666667	-102253.623946
-0.6138888889	-102002.285308
-0.6111111111	-101750.612390
-0.6083333333	-101498.570433
-0.6055555556	-101246.125031
-0.6027777778	-100993.242136
-0.6000000000	-100739.888049
-0.5972222222	-100486.029421
-0.5944444444	-100231.633249
-0.5916666667	-99976.666876
-0.5888888889	-99721.097986
-0.5861111111	-99464.894601
-0.5833333333	-99208.025083
-0.5805555556	-98950.458125
-0.5777777778	-98692.162752
-0.5750000000	-98433.108319
-0.5722222222	-98173.264508
-0.5694444444	-97912.601324
-0.5666666667	-97651.089094
-0.5638888889	-97388.698465
-0.5611111111	-97125.400400
-0.5583333333	-96861.166178
-0.5555555556	-96595.967392
-0.5527777778	-96329.775945
-0.5500000000	-96062.564050
-0.5472222222	-95794.304230
-0.5444444444	-95524.969312
-0.5416666667	-95254.532429
-0.5388888889	-94982.967019
-0.5361111111	-94710.246822
-0.5333333333	-94436.345882
-0.5305555556	-94161.238543
-0.5277777778	-93884.899450
-0.5250000000	-93607.303550
-0.5222222222	-93328.426089
-0.5194444444	-93048.242614
-0.5166666667	-92766.728973
-0.5138888889	-92483.861315
-0.5111111111	-92199.616090
-0.5083333333	-91913.970048
-0.5055555556	-91626.900244
-0.5027777778	-91338.384036
-0.5000000000	-91048.399086
-0.4972222222	-90756.923362
-0.4944444444	-90463.935141
-0.4916666667	-90169.413006
-0.4888888889	-89873.335852
-0.4861111111	-89575.682886
-0.4833333333	-89276.433630
-0.4805555556	-88975.567921
-0.4777777778	-88673.065916
-0.4750000000	-88368.908092
-0.4722222222	-88063.075249
-0.4694444444	-87755.548514
-0.4666666667	-87446.309342
-0.4638888889	-87135.339519
-0.4611111111	-86822.621168
-0.4583333333	-86508.136746
-0.4555555556	-86191.869052
-0.4527777778	-85873.801229
-0.4500000000	-85553.916766
-0.4472222222	-85232.199502
-0.4444444444	-84908.633631
-0.4416666667	-84583.203701
-0.4388888889	-84255.894625
-0.4361111111	-83926.691676
-0.4333333333	-83595.580497
-0.4305555556	-83262.547101
-0.4277777778	-82927.577875
-0.4250000000	-82590.659587
-0.4222222222	-82251.779386
-0.4194444444	-81910.924806
-0.4166666667	-81568.083773
-0.4138888889	-81223.244603
-0.4111111111	-80876.396012
-0.4083333333	-80527.527116
-0.4055555556	-80176.627434
-0.4027777778	-79823.686894
-0.4000000000	-79468.695837
-0.3972222222	-79111.645016
-0.3944444444	-78752.525605
-0.3916666667	-78391.329201
-0.3888888889	-78028.047823
-0.3861111111	-77662.673923
-0.3833333333	-77295.200384
-0.3805555556	-76925.620522
-0.3777777778	-76553.928095
-0.3750000000	-76180.117302
-0.3722222222	-75804.182785
-0.3694444444	-75426.119635
-0.3666666667	-75045.923394
-0.3638888889	-74663.590055
-0.3611111111	-74279.116069
-0.3583333333	-73892.498344
-0.3555555556	-73503.734248
-0.3527777778	-73112.821612
-0.3500000000	-72719.758734
-0.3472222222	-72324.544377
-0.3444444444	-71927.177771
-0.3416666667	-71527.658621
-0.3388888889	-71125.987101
-0.3361111111	-70722.163859
-0.3333333333	-70316.190018
-0.3305555556	-69908.067178
-0.3277777778	-69497.797416
-0.3250000000	-69085.383284
-0.3222222222	-68670.827817
-0.3194444444	-68254.134526
-0.3166666667	-67835.307403
-0.3138888889	-67414.350921
-0.3111111111	-66991.270029
-0.3083333333	-66566.070160
-0.3055555556	-66138.757224
-0.3027777778	-65709.337610
-0.3000000000	-65277.818188
-0.2972222222	-64844.206302
-0.2944444444	-64408.509775
-0.2916666667	-63970.736904
-0.2888888889	-63530.896463
-0.2861111111	-63088.997695
-0.2833333333	-62645.050315
-0.2805555556	-62199.064510
-0.2777777778	-61751.050930
-0.2750000000	-61301.020692
-0.2722222222	-60848.985376
-0.2694444444	-60394.957020
-0.2666666667	-59938.948121
-0.2638888889	-59480.971628
-0.2611111111	-59021.040943
-0.2583333333	-58559.169915
-0.2555555556	-58095.372838
-0.2527777778	-57629.664445
-0.2500000000	-57162.059907
-0.2472222222	-56692.574827
-0.2444444444	-56221.225238
-0.2416666667	-55748.027596
-0.2388888889	-55272.998778
-0.2361111111	-54796.156074
-0.2333333333	-54317.517186
-0.2305555556	-53837.100220
-0.2277777778	-53354.923683
-0.2250000000	-52871.006476
-0.2222222222	-52385.367890
-0.2194444444	-51898.027599
-0.2166666667	-51409.005654
-0.2138888889	-50918.322478
-0.2111111111	-50425.998860
-0.2083333333	-49932.055949
-0.2055555556	-49436.515246
-0.2027777778	-48939.398598
-0.2000000000	-48440.728192
-0.1972222222	-47940.526550
-0.1944444444	-47438.816516
-0.1916666667	-46935.621256
-0.1888888889	-46430.964247
-0.1861111111	-45924.869269
-0.1833333333	-45417.360401
-0.1805555556	-44908.462010
-0.1777777778	-44398.198745
-0.1750000000	-43886.595528
-0.1722222222	-43373.677550
-0.1694444444	-42859.470256
-0.1666666667	-42343.999345
-0.1638888889	-41827.290755
-0.1611111111	-41309.370658
-0.1583333333	-40790.265453
-0.1555555556	-40270.001753
-0.1527777778	-39748.606384
-0.1500000000	-39226.106366
-0.1472222222	-38702.528915
-0.1444444444	-38177.901428
-0.1416666667	-37652.251473
-0.1388888889	-37125.606789
-0.1361111111	-36597.995264
-0.1333333333	-36069.444940
-0.1305555556	-35539.983992
-0.1277777778	-35009.640727
-0.1250000000	-34478.443573
-0.1222222222	-33946.421067
-0.1194444444	-33413.601850
-0.1166666667	-32880.014656
-0.1138888889	-32345.688302
-0.1111111111	-31810.651681
-0.1083333333	-31274.933752
-0.1055555556	-30738.563530
-0.1027777778	-30201.570078
-0.1000000000	-29663.982498
-0.0972222222	-29125.829922
-0.0944444444	-28587.141501
-0.0916666667	-28047.946399
-0.0888888889	-27508.273780
-0.0861111111	-26968.152804
-0.0833333333	-26427.612615
-0.0805555556	-25886.682330
-0.0777777778	-25345.391036
-0.0750000000	-24803.767775
-0.0722222222	-24261.841540
-0.0694444444	-23719.641264
-0.0666666667	-23177.195809
-0.0638888889	-22634.533965
-0.0611111111	-22091.684431
-0.0583333333	-21548.675816
-0.0555555556	-21005.536623
-0.0527777778	-20462.295248
-0.0500000000	-19918.979965
-0.0472222222	-19375.618922
-0.0444444444	-18832.240131
-0.0416666667	-18288.871461
-0.0388888889	-17745.540631
-0.0361111111	-17202.275199
-0.0333333333	-16659.102558
-0.0305555556	-16116.049925
-0.0277777778	-15573.144336
-0.0250000000	-15030.412638
-0.0222222222	-14487.881483
-0.0194444444	-13945.577316
-0.0166666667	-13403.526374
-0.0138888889	-12861.754675
-0.0111111111	-12320.288015
-0.0083333333	-11779.151957
-0.0055555556	-11238.371826
-0.0027777778	-10697.972705
0.0000000000	-10157.979425
0.0027777778	-9618.416563
0.0055555556	-9079.308431
0.0083333333	-8540.679074
0.0111111111	-8002.552265
0.0138888889	-7464.951494
0.0166666667	-6927.899970
0.0194444444	-6391.420608
0.0222222222	-5855.536032
0.0250000000	-5320.268561
0.0277777778	-4785.640212
0.0305555556	-4251.672693
0.0333333333	-3718.387396
0.0361111111	-3185.805394
0.0388888889	-2653.947439
0.0416666667	-2122.833954
0.0444444444	-1592.485033
0.0472222222	-1062.920434
0.0500000000	-534.159579
0.0527777778	-6.221547
0.0555555556	520.874929
0.0583333333	1047.111462
0.0611111111	1572.470017
0.0638888889	2096.932911
0.0666666667	2620.482820
0.0694444444	3143.102777
0.0722222222	3664.776177
0.0750000000	4185.486777
0.0777777778	4705.218701
0.0805555556	5223.956439
0.0833333333	5741.684850
0.0861111111	6258.389165
0.0888888889	6774.054985
0.0916666667	7288.668284
0.0944444444	7802.215412
0.0972222222	8314.683093
0.1000000000	8826.058426
0.1027777778	9336.328888
0.1055555556	9845.482333
0.1083333333	10353.506992
0.1111111111	10860.391474
0.1138888889	11366.124766
0.1166666667	11870.696231
0.1194444444	12374.095612
0.1222222222	12876.313028
0.1250000000	13377.338974
0.1277777778	13877.164324
0.1305555556	14375.780324
0.1333333333	14873.178597
0.1361111111	15369.351140
0.1388888889	15864.290320
0.1416666667	16357.988878
0.1444444444	16850.439924
0.1472222222	17341.636939
0.1500000000	17831.573767
0.1527777778	18320.244623
0.1555555556	18807.644082
0.1583333333	19293.767082
0.1611111111	19778.608922
0.1638888889	20262.165259
0.1666666667	20744.432106
0.1694444444	21225.405831
0.1722222222	21705.083152
0.1750000000	22183.461139
0.1777777778	22660.537205
0.1805555556	23136.309113
0.1833333333	23610.774962
0.1861111111	24083.933197
0.1888888889	24555.782594
0.1916666667	25026.322266
0.1944444444	25495.551658
0.1972222222	25963.470541
0.2000000000	26430.079013
0.2027777778	26895.377496
0.2055555556	27359.366730
0.2083333333	27822.047772
0.2111111111	28283.421993
0.2138888889	28743.491077
0.2166666667	29202.257012
0.2194444444	29659.722093
0.2222222222	30115.888917
0.2250000000	30570.760379
0.2277777778	31024.339668
0.2305555556	31476.630268
0.2333333333	31927.635951
0.2361111111	32377.360774
0.2388888889	32825.809079
0.2416666667	33272.985488
0.2444444444	33718.894899
0.2472222222	34163.542483
0.2500000000	34606.933685
0.2527777778	35049.074216
0.2555555556	35489.970051
0.2583333333	35929.627430
0.2611111111	36368.052849
0.2638888889	36805.253063
0.2666666667	37241.235080
0.2694444444	37676.006157
0.2722222222	38109.573802
0.2750000000	38541.945766
0.2777777778	38973.130045
0.2805555556	39403.134874
0.2833333333	39831.968725
0.2861111111	40259.640308
0.2888888889	40686.158565
0.2916666667	41111.532668
0.2944444444	41535.772019
0.2972222222	41958.886247
0.3000000000	42380.885202
0.3027777778	42801.778961
0.3055555556	43221.577820
0.3083333333	43640.292293
0.3111111111	44057.933111
0.3138888889	44474.511222
0.3166666667	44890.037788
0.3194444444	45304.524181
0.3222222222	45717.981986
0.3250000000	46130.422998
0.3277777778	46541.859220
0.3305555556	46952.302862
0.3333333333	47361.766341
0.3361111111	47770.262280
0.3388888889	48177.803506
0.3416666667	48584.403050
0.3444444444	48990.074146
0.3472222222	49394.830232
0.3500000000	49798.684946
0.3527777778	50201.652131
0.3555555556	50603.745829
0.3583333333	51004.980283
0.3611111111	51405.369941
0.3638888889	51804.929447
0.3666666667	52203.673650
0.3694444444	52601.617600
0.3722222222	52998.776546
0.3750000000	53395.165942
0.3777777778	53790.801442
0.3805555556	54185.698903
0.3833333333	54579.874386
0.3861111111	54973.344155
0.3888888889	55366.124677
0.3916666667	55758.232626
0.3944444444	56149.684881
0.3972222222	56540.498526
0.4000000000	56930.690853
0.4027777778	57320.279362
0.4055555556	57709.281761
0.4083333333	58097.715969
0.4111111111	58485.600116
0.4138888889	58872.952540
0.4166666667	59259.791796
0.4194444444	59646.136649
0.4222222222	60032.006080
0.4250000000	60417.419285
0.4277777778	60802.395675
0.4305555556	61186.954879
0.4333333333	61571.116743
0.4361111111	61954.901334
0.4388888889	62338.328935
0.4416666667	62721.420051
0.4444444444	63104.195408
0.4472222222	63486.675950
0.4500000000	63868.882847
0.4527777778	64250.837487
0.4555555556	64632.561483
0.4583333333	65014.076669
0.4611111111	65395.405102
0.4638888889	65776.569059
0.4666666667	66157.591042
0.4694444444	66538.493772
0.4722222222	66919.300192
0.4750000000	67300.033464
0.4777777778	67680.716969
0.4805555556	68061.374305
0.4833333333	68442.029288
0.4861111111	68822.705947
0.4888888889	69203.428524
0.4916666667	69584.221471
0.4944444444	69965.109448
0.4972222222	70346.117320
0.5000000000	70727.270152
0.5027777778	71108.593211
0.5055555556	71490.111956
0.5083333333	71871.852037
0.5111111111	72253.839291
0.5138888889	72636.099735
0.5166666667	73018.659563
0.5194444444	73401.545138
0.5222222222	73784.782988
0.5250000000	74168.399798
0.5277777778	74552.422403
0.5305555556	74936.877783
0.5333333333	75321.793049
0.5361111111	75707.195443
0.5388888889	76093.112320
0.5416666667	76479.571144
0.5444444444	76866.599477
0.5472222222	77254.224967
0.5500000000	77642.475336
0.5527777778	78031.378370
0.5555555556	78420.961904
0.5583333333	78811.253811
0.5611111111	79202.281986
0.5638888889	79594.074330
0.5666666667	79986.658739
0.5694444444	80380.063084
0.5722222222	80774.315193
0.5750000000	81169.442838
0.5777777778	81565.473710
0.5805555556	81962.435406
0.5833333333	82360.355403
0.5861111111	82759.261040
0.5888888889	83159.179494
0.5916666667	83560.137760
0.5944444444	83962.162624
0.5972222222	84365.280639
0.6000000000	84769.518098
0.6027777778	85174.901011
0.6055555556	85581.455070
0.6083333333	85989.205630
0.6111111111	86398.177669
0.6138888889	86808.395761
0.6166666667	87219.884048
0.6194444444	87632.666199
0.6222222222	88046.765380
0.6250000000	88462.204219
0.6277777778	88879.004766
0.6305555556	89297.188458
0.6333333333	89716.776078
0.6361111111	90137.787715
0.6388888889	90560.242724
0.6416666667	90984.159679
0.6444444444	91409.556332
0.6472222222	91836.449568
0.6500000000	92264.855355
0.6527777778	92694.788698
0.6555555556	93126.263588
0.6583333333	93559.292952
0.6611111111	93993.888601
0.6638888889	94430.061175
0.6666666667	94867.820087
0.6694444444	95307.173469
0.6722222222	95748.128111
0.6750000000	96190.689404
0.6777777778	96634.861276
0.6805555556	97080.646132
0.6833333333	97528.044788
0.6861111111	97977.056406
0.6888888889	98427.678426
0.6916666667	98879.906501
0.6944444444	99333.734419
0.6972222222	99789.154039
0.7000000000	100246.155215
0.7027777778	100704.725716
0.7055555556	101164.851159
0.7083333333	101626.514920
0.7111111111	102089.698064
0.7138888889	102554.379255
0.7166666667	103020.534681
0.7194444444	103488.137962
0.7222222222	103957.160067
0.7250000000	104427.569229
0.7277777778	104899.330849
0.7305555556	105372.407410
0.7333333333	105846.758381
0.7361111111	106322.340125
0.7388888889	106799.105803
0.7416666667	107277.005272
0.7444444444	107755.984993
0.7472222222	108235.987923
0.7500000000	108716.953417
0.7527777778	109198.817122
0.7555555556	109681.510873
0.7583333333	110164.962584
0.7611111111	110649.096139
0.7638888889	111133.831284
0.7666666667	111619.083514
0.7694444444	112104.763957
0.7722222222	112590.779264
0.7750000000	113077.031487
0.7777777778	113563.417966
0.7805555556	114049.831205
0.7833333333	114536.158755
0.7861111111	115022.283089
0.7888888889	115508.081477
0.7916666667	115993.425865
0.7944444444	116478.182743
0.7972222222	116962.213019
0.8000000000	117445.371890
0.8027777778	117927.508708
0.8055555556	118408.466848
0.8083333333	118888.083575
0.8111111111	119366.189908
0.8138888889	119842.610479
0.8166666667	120317.163398
0.8194444444	120789.660109
0.8222222222	121259.905252
0.8250000000	121727.696513
0.8277777778	122192.824481
0.8305555556	122655.072500
0.8333333333	123114.216519
0.8361111111	123570.024937
0.8388888889	124022.258452
0.8416666667	124470.669901
0.8444444444	124915.004100
0.8472222222	125354.997681
0.8500000000	125790.378927
0.8527777778	126220.867598
0.8555555556	126646.174758
0.8583333333	127066.002598
0.8611111111	127480.044247
0.8638888889	127887.983581
0.8666666667	128289.495031
0.8694444444	128684.243371
0.8722222222	129071.883507
0.8750000000	129452.060254
0.8777777778	129824.408097
0.8805555556	130188.550942
0.8833333333	130544.101855
0.8861111111	130890.662776
0.8888888889	131227.824218
0.8916666667	131555.164940
0.8944444444	131872.251595
0.8972222222	132178.638338
0.9000000000	132473.866409
0.9027777778	132757.463659
0.9055555556	133028.944034
0.9083333333	133287.806991
0.9111111111	133533.536841
0.9138888889	133765.602016
0.9166666667	133983.454218
0.9194444444	134186.527458
0.9222222222	134374.236937
0.9250000000	134545.977757
0.9277777778	134701.123408
0.9305555556	134839.023989
0.9333333333	134959.004110
0.9361111111	135060.360382
0.9388888889	135142.358402
0.9416666667	135204.229113
0.9444444444	135245.164346
0.9472222222	135264.311337
0.9500000000	135260.765913
0.9527777778	135233.563908
0.9555555556	135181.670264
0.9583333333	135103.964973
0.9611111111	134999.224707
0.9638888889	134866.098391
0.9666666667	134703.074131
0.9694444444	134508.433443
0.9722222222	134280.186302
0.9750000000	134015.976202
0.9777777778	133712.936379
0.9805555556	133367.462460
0.9833333333	132974.833120
0.9861111111	132528.531965
0.9888888889	132018.918916
0.9916666667	131430.268464
0.9944444444	130732.720625
0.9972222222	129850.909443
1.0000000000	128012.611115
